PL/0 code:

  0  INC        7   
  1  INP            
  2  STO    0   4   
  3  INP            
  4  STO    0   5   
  5  LOD    0   4   
  6  LOD    0   5   
  7  LSS            
  8  JPC       15   
  9  LOD    0   5   
 10  STO    0   6   
 11  LOD    0   4   
 12  STO    0   5   
 13  LOD    0   6   
 14  STO    0   4   
 15  LOD    0   5   
 16  LIT        0   
 17  NEQ            
 18  JPC       32   
 19  LOD    0   5   
 20  STO    0   6   
 21  LOD    0   4   
 22  LOD    0   4   
 23  LOD    0   5   
 24  DIV            
 25  LOD    0   5   
 26  MUL            
 27  SUB            
 28  STO    0   5   
 29  LOD    0   6   
 30  STO    0   4   
 31  JMP       15   
 32  LOD    0   4   
 33  OUT            
 34  HLT            

Execution:
                      pc   bp   sp   stack
                       0    1    0   
  0  INC        7      1    1    7   0 0 0 0 0 0 0 
  1  INP            read 4 from input
   2    1    8   0 0 0 0 0 0 0 4 
  2  STO    0   4      3    1    7   0 0 0 0 4 0 0 
  3  INP            read 5 from input
   4    1    8   0 0 0 0 4 0 0 5 
  4  STO    0   5      5    1    7   0 0 0 0 4 5 0 
  5  LOD    0   4      6    1    8   0 0 0 0 4 5 0 4 
  6  LOD    0   5      7    1    9   0 0 0 0 4 5 0 4 5 
  7  LSS               8    1    8   0 0 0 0 4 5 0 1 
  8  JPC       15      9    1    7   0 0 0 0 4 5 0 
  9  LOD    0   5     10    1    8   0 0 0 0 4 5 0 5 
 10  STO    0   6     11    1    7   0 0 0 0 4 5 5 
 11  LOD    0   4     12    1    8   0 0 0 0 4 5 5 4 
 12  STO    0   5     13    1    7   0 0 0 0 4 4 5 
 13  LOD    0   6     14    1    8   0 0 0 0 4 4 5 5 
 14  STO    0   4     15    1    7   0 0 0 0 5 4 5 
 15  LOD    0   5     16    1    8   0 0 0 0 5 4 5 4 
 16  LIT        0     17    1    9   0 0 0 0 5 4 5 4 0 
 17  NEQ              18    1    8   0 0 0 0 5 4 5 1 
 18  JPC       32     19    1    7   0 0 0 0 5 4 5 
 19  LOD    0   5     20    1    8   0 0 0 0 5 4 5 4 
 20  STO    0   6     21    1    7   0 0 0 0 5 4 4 
 21  LOD    0   4     22    1    8   0 0 0 0 5 4 4 5 
 22  LOD    0   4     23    1    9   0 0 0 0 5 4 4 5 5 
 23  LOD    0   5     24    1   10   0 0 0 0 5 4 4 5 5 4 
 24  DIV              25    1    9   0 0 0 0 5 4 4 5 1 
 25  LOD    0   5     26    1   10   0 0 0 0 5 4 4 5 1 4 
 26  MUL              27    1    9   0 0 0 0 5 4 4 5 4 
 27  SUB              28    1    8   0 0 0 0 5 4 4 1 
 28  STO    0   5     29    1    7   0 0 0 0 5 1 4 
 29  LOD    0   6     30    1    8   0 0 0 0 5 1 4 4 
 30  STO    0   4     31    1    7   0 0 0 0 4 1 4 
 31  JMP       15     15    1    7   0 0 0 0 4 1 4 
 15  LOD    0   5     16    1    8   0 0 0 0 4 1 4 1 
 16  LIT        0     17    1    9   0 0 0 0 4 1 4 1 0 
 17  NEQ              18    1    8   0 0 0 0 4 1 4 1 
 18  JPC       32     19    1    7   0 0 0 0 4 1 4 
 19  LOD    0   5     20    1    8   0 0 0 0 4 1 4 1 
 20  STO    0   6     21    1    7   0 0 0 0 4 1 1 
 21  LOD    0   4     22    1    8   0 0 0 0 4 1 1 4 
 22  LOD    0   4     23    1    9   0 0 0 0 4 1 1 4 4 
 23  LOD    0   5     24    1   10   0 0 0 0 4 1 1 4 4 1 
 24  DIV              25    1    9   0 0 0 0 4 1 1 4 4 
 25  LOD    0   5     26    1   10   0 0 0 0 4 1 1 4 4 1 
 26  MUL              27    1    9   0 0 0 0 4 1 1 4 4 
 27  SUB              28    1    8   0 0 0 0 4 1 1 0 
 28  STO    0   5     29    1    7   0 0 0 0 4 0 1 
 29  LOD    0   6     30    1    8   0 0 0 0 4 0 1 1 
 30  STO    0   4     31    1    7   0 0 0 0 1 0 1 
 31  JMP       15     15    1    7   0 0 0 0 1 0 1 
 15  LOD    0   5     16    1    8   0 0 0 0 1 0 1 0 
 16  LIT        0     17    1    9   0 0 0 0 1 0 1 0 0 
 17  NEQ              18    1    8   0 0 0 0 1 0 1 0 
 18  JPC       32     32    1    7   0 0 0 0 1 0 1 
 32  LOD    0   4     33    1    8   0 0 0 0 1 0 1 1 
 33  OUT             1
  34    1    7   0 0 0 0 1 0 1 
 34  HLT              35    1    7   0 0 0 0 1 0 1 
