PL/0 code:

  0  INC        5   
  1  LIT        0   
  2  STO    0   4   
  3  LOD    0   4   
  4  LIT       10   
  5  LSS            
  6  JPC       17   
  7  LOD    0   4   
  8  ODD            
  9  JPC       12   
 10  LOD    0   4   
 11  OUT            
 12  LOD    0   4   
 13  LIT        1   
 14  ADD            
 15  STO    0   4   
 16  JMP        3   
 17  HLT            

Execution:
                      pc   bp   sp   stack
                       0    1    0   
  0  INC        5      1    1    5   0 0 0 0 0 
  1  LIT        0      2    1    6   0 0 0 0 0 0 
  2  STO    0   4      3    1    5   0 0 0 0 0 
  3  LOD    0   4      4    1    6   0 0 0 0 0 0 
  4  LIT       10      5    1    7   0 0 0 0 0 0 10 
  5  LSS               6    1    6   0 0 0 0 0 1 
  6  JPC       17      7    1    5   0 0 0 0 0 
  7  LOD    0   4      8    1    6   0 0 0 0 0 0 
  8  ODD               9    1    6   0 0 0 0 0 0 
  9  JPC       12     12    1    5   0 0 0 0 0 
 12  LOD    0   4     13    1    6   0 0 0 0 0 0 
 13  LIT        1     14    1    7   0 0 0 0 0 0 1 
 14  ADD              15    1    6   0 0 0 0 0 1 
 15  STO    0   4     16    1    5   0 0 0 0 1 
 16  JMP        3      3    1    5   0 0 0 0 1 
  3  LOD    0   4      4    1    6   0 0 0 0 1 1 
  4  LIT       10      5    1    7   0 0 0 0 1 1 10 
  5  LSS               6    1    6   0 0 0 0 1 1 
  6  JPC       17      7    1    5   0 0 0 0 1 
  7  LOD    0   4      8    1    6   0 0 0 0 1 1 
  8  ODD               9    1    6   0 0 0 0 1 1 
  9  JPC       12     10    1    5   0 0 0 0 1 
 10  LOD    0   4     11    1    6   0 0 0 0 1 1 
 11  OUT             1
  12    1    5   0 0 0 0 1 
 12  LOD    0   4     13    1    6   0 0 0 0 1 1 
 13  LIT        1     14    1    7   0 0 0 0 1 1 1 
 14  ADD              15    1    6   0 0 0 0 1 2 
 15  STO    0   4     16    1    5   0 0 0 0 2 
 16  JMP        3      3    1    5   0 0 0 0 2 
  3  LOD    0   4      4    1    6   0 0 0 0 2 2 
  4  LIT       10      5    1    7   0 0 0 0 2 2 10 
  5  LSS               6    1    6   0 0 0 0 2 1 
  6  JPC       17      7    1    5   0 0 0 0 2 
  7  LOD    0   4      8    1    6   0 0 0 0 2 2 
  8  ODD               9    1    6   0 0 0 0 2 0 
  9  JPC       12     12    1    5   0 0 0 0 2 
 12  LOD    0   4     13    1    6   0 0 0 0 2 2 
 13  LIT        1     14    1    7   0 0 0 0 2 2 1 
 14  ADD              15    1    6   0 0 0 0 2 3 
 15  STO    0   4     16    1    5   0 0 0 0 3 
 16  JMP        3      3    1    5   0 0 0 0 3 
  3  LOD    0   4      4    1    6   0 0 0 0 3 3 
  4  LIT       10      5    1    7   0 0 0 0 3 3 10 
  5  LSS               6    1    6   0 0 0 0 3 1 
  6  JPC       17      7    1    5   0 0 0 0 3 
  7  LOD    0   4      8    1    6   0 0 0 0 3 3 
  8  ODD               9    1    6   0 0 0 0 3 1 
  9  JPC       12     10    1    5   0 0 0 0 3 
 10  LOD    0   4     11    1    6   0 0 0 0 3 3 
 11  OUT             3
  12    1    5   0 0 0 0 3 
 12  LOD    0   4     13    1    6   0 0 0 0 3 3 
 13  LIT        1     14    1    7   0 0 0 0 3 3 1 
 14  ADD              15    1    6   0 0 0 0 3 4 
 15  STO    0   4     16    1    5   0 0 0 0 4 
 16  JMP        3      3    1    5   0 0 0 0 4 
  3  LOD    0   4      4    1    6   0 0 0 0 4 4 
  4  LIT       10      5    1    7   0 0 0 0 4 4 10 
  5  LSS               6    1    6   0 0 0 0 4 1 
  6  JPC       17      7    1    5   0 0 0 0 4 
  7  LOD    0   4      8    1    6   0 0 0 0 4 4 
  8  ODD               9    1    6   0 0 0 0 4 0 
  9  JPC       12     12    1    5   0 0 0 0 4 
 12  LOD    0   4     13    1    6   0 0 0 0 4 4 
 13  LIT        1     14    1    7   0 0 0 0 4 4 1 
 14  ADD              15    1    6   0 0 0 0 4 5 
 15  STO    0   4     16    1    5   0 0 0 0 5 
 16  JMP        3      3    1    5   0 0 0 0 5 
  3  LOD    0   4      4    1    6   0 0 0 0 5 5 
  4  LIT       10      5    1    7   0 0 0 0 5 5 10 
  5  LSS               6    1    6   0 0 0 0 5 1 
  6  JPC       17      7    1    5   0 0 0 0 5 
  7  LOD    0   4      8    1    6   0 0 0 0 5 5 
  8  ODD               9    1    6   0 0 0 0 5 1 
  9  JPC       12     10    1    5   0 0 0 0 5 
 10  LOD    0   4     11    1    6   0 0 0 0 5 5 
 11  OUT             5
  12    1    5   0 0 0 0 5 
 12  LOD    0   4     13    1    6   0 0 0 0 5 5 
 13  LIT        1     14    1    7   0 0 0 0 5 5 1 
 14  ADD              15    1    6   0 0 0 0 5 6 
 15  STO    0   4     16    1    5   0 0 0 0 6 
 16  JMP        3      3    1    5   0 0 0 0 6 
  3  LOD    0   4      4    1    6   0 0 0 0 6 6 
  4  LIT       10      5    1    7   0 0 0 0 6 6 10 
  5  LSS               6    1    6   0 0 0 0 6 1 
  6  JPC       17      7    1    5   0 0 0 0 6 
  7  LOD    0   4      8    1    6   0 0 0 0 6 6 
  8  ODD               9    1    6   0 0 0 0 6 0 
  9  JPC       12     12    1    5   0 0 0 0 6 
 12  LOD    0   4     13    1    6   0 0 0 0 6 6 
 13  LIT        1     14    1    7   0 0 0 0 6 6 1 
 14  ADD              15    1    6   0 0 0 0 6 7 
 15  STO    0   4     16    1    5   0 0 0 0 7 
 16  JMP        3      3    1    5   0 0 0 0 7 
  3  LOD    0   4      4    1    6   0 0 0 0 7 7 
  4  LIT       10      5    1    7   0 0 0 0 7 7 10 
  5  LSS               6    1    6   0 0 0 0 7 1 
  6  JPC       17      7    1    5   0 0 0 0 7 
  7  LOD    0   4      8    1    6   0 0 0 0 7 7 
  8  ODD               9    1    6   0 0 0 0 7 1 
  9  JPC       12     10    1    5   0 0 0 0 7 
 10  LOD    0   4     11    1    6   0 0 0 0 7 7 
 11  OUT             7
  12    1    5   0 0 0 0 7 
 12  LOD    0   4     13    1    6   0 0 0 0 7 7 
 13  LIT        1     14    1    7   0 0 0 0 7 7 1 
 14  ADD              15    1    6   0 0 0 0 7 8 
 15  STO    0   4     16    1    5   0 0 0 0 8 
 16  JMP        3      3    1    5   0 0 0 0 8 
  3  LOD    0   4      4    1    6   0 0 0 0 8 8 
  4  LIT       10      5    1    7   0 0 0 0 8 8 10 
  5  LSS               6    1    6   0 0 0 0 8 1 
  6  JPC       17      7    1    5   0 0 0 0 8 
  7  LOD    0   4      8    1    6   0 0 0 0 8 8 
  8  ODD               9    1    6   0 0 0 0 8 0 
  9  JPC       12     12    1    5   0 0 0 0 8 
 12  LOD    0   4     13    1    6   0 0 0 0 8 8 
 13  LIT        1     14    1    7   0 0 0 0 8 8 1 
 14  ADD              15    1    6   0 0 0 0 8 9 
 15  STO    0   4     16    1    5   0 0 0 0 9 
 16  JMP        3      3    1    5   0 0 0 0 9 
  3  LOD    0   4      4    1    6   0 0 0 0 9 9 
  4  LIT       10      5    1    7   0 0 0 0 9 9 10 
  5  LSS               6    1    6   0 0 0 0 9 1 
  6  JPC       17      7    1    5   0 0 0 0 9 
  7  LOD    0   4      8    1    6   0 0 0 0 9 9 
  8  ODD               9    1    6   0 0 0 0 9 1 
  9  JPC       12     10    1    5   0 0 0 0 9 
 10  LOD    0   4     11    1    6   0 0 0 0 9 9 
 11  OUT             9
  12    1    5   0 0 0 0 9 
 12  LOD    0   4     13    1    6   0 0 0 0 9 9 
 13  LIT        1     14    1    7   0 0 0 0 9 9 1 
 14  ADD              15    1    6   0 0 0 0 9 10 
 15  STO    0   4     16    1    5   0 0 0 0 10 
 16  JMP        3      3    1    5   0 0 0 0 10 
  3  LOD    0   4      4    1    6   0 0 0 0 10 10 
  4  LIT       10      5    1    7   0 0 0 0 10 10 10 
  5  LSS               6    1    6   0 0 0 0 10 0 
  6  JPC       17     17    1    5   0 0 0 0 10 
 17  HLT              18    1    5   0 0 0 0 10 
