PL/0 code:

  0  INC        8   
  1  INP            
  2  STO    0   4   
  3  LOD    0   4   
  4  LIT        0   
  5  GTR            
  6  JPC       32   
  7  INP            
  8  STO    0   5   
  9  LOD    0   5   
 10  LIT        0   
 11  GTR            
 12  JPC       32   
 13  LOD    0   4   
 14  STO    0   6   
 15  LIT        0   
 16  STO    0   7   
 17  LOD    0   6   
 18  LIT        0   
 19  GTR            
 20  JPC       30   
 21  LOD    0   7   
 22  LOD    0   5   
 23  ADD            
 24  STO    0   7   
 25  LOD    0   6   
 26  LIT        1   
 27  SUB            
 28  STO    0   6   
 29  JMP       17   
 30  LOD    0   7   
 31  OUT            
 32  HLT            

Execution:
                      pc   bp   sp   stack
                       0    1    0   
  0  INC        8      1    1    8   0 0 0 0 0 0 0 0 
  1  INP            read 4 from input
   2    1    9   0 0 0 0 0 0 0 0 4 
  2  STO    0   4      3    1    8   0 0 0 0 4 0 0 0 
  3  LOD    0   4      4    1    9   0 0 0 0 4 0 0 0 4 
  4  LIT        0      5    1   10   0 0 0 0 4 0 0 0 4 0 
  5  GTR               6    1    9   0 0 0 0 4 0 0 0 1 
  6  JPC       32      7    1    8   0 0 0 0 4 0 0 0 
  7  INP            read 5 from input
   8    1    9   0 0 0 0 4 0 0 0 5 
  8  STO    0   5      9    1    8   0 0 0 0 4 5 0 0 
  9  LOD    0   5     10    1    9   0 0 0 0 4 5 0 0 5 
 10  LIT        0     11    1   10   0 0 0 0 4 5 0 0 5 0 
 11  GTR              12    1    9   0 0 0 0 4 5 0 0 1 
 12  JPC       32     13    1    8   0 0 0 0 4 5 0 0 
 13  LOD    0   4     14    1    9   0 0 0 0 4 5 0 0 4 
 14  STO    0   6     15    1    8   0 0 0 0 4 5 4 0 
 15  LIT        0     16    1    9   0 0 0 0 4 5 4 0 0 
 16  STO    0   7     17    1    8   0 0 0 0 4 5 4 0 
 17  LOD    0   6     18    1    9   0 0 0 0 4 5 4 0 4 
 18  LIT        0     19    1   10   0 0 0 0 4 5 4 0 4 0 
 19  GTR              20    1    9   0 0 0 0 4 5 4 0 1 
 20  JPC       30     21    1    8   0 0 0 0 4 5 4 0 
 21  LOD    0   7     22    1    9   0 0 0 0 4 5 4 0 0 
 22  LOD    0   5     23    1   10   0 0 0 0 4 5 4 0 0 5 
 23  ADD              24    1    9   0 0 0 0 4 5 4 0 5 
 24  STO    0   7     25    1    8   0 0 0 0 4 5 4 5 
 25  LOD    0   6     26    1    9   0 0 0 0 4 5 4 5 4 
 26  LIT        1     27    1   10   0 0 0 0 4 5 4 5 4 1 
 27  SUB              28    1    9   0 0 0 0 4 5 4 5 3 
 28  STO    0   6     29    1    8   0 0 0 0 4 5 3 5 
 29  JMP       17     17    1    8   0 0 0 0 4 5 3 5 
 17  LOD    0   6     18    1    9   0 0 0 0 4 5 3 5 3 
 18  LIT        0     19    1   10   0 0 0 0 4 5 3 5 3 0 
 19  GTR              20    1    9   0 0 0 0 4 5 3 5 1 
 20  JPC       30     21    1    8   0 0 0 0 4 5 3 5 
 21  LOD    0   7     22    1    9   0 0 0 0 4 5 3 5 5 
 22  LOD    0   5     23    1   10   0 0 0 0 4 5 3 5 5 5 
 23  ADD              24    1    9   0 0 0 0 4 5 3 5 10 
 24  STO    0   7     25    1    8   0 0 0 0 4 5 3 10 
 25  LOD    0   6     26    1    9   0 0 0 0 4 5 3 10 3 
 26  LIT        1     27    1   10   0 0 0 0 4 5 3 10 3 1 
 27  SUB              28    1    9   0 0 0 0 4 5 3 10 2 
 28  STO    0   6     29    1    8   0 0 0 0 4 5 2 10 
 29  JMP       17     17    1    8   0 0 0 0 4 5 2 10 
 17  LOD    0   6     18    1    9   0 0 0 0 4 5 2 10 2 
 18  LIT        0     19    1   10   0 0 0 0 4 5 2 10 2 0 
 19  GTR              20    1    9   0 0 0 0 4 5 2 10 1 
 20  JPC       30     21    1    8   0 0 0 0 4 5 2 10 
 21  LOD    0   7     22    1    9   0 0 0 0 4 5 2 10 10 
 22  LOD    0   5     23    1   10   0 0 0 0 4 5 2 10 10 5 
 23  ADD              24    1    9   0 0 0 0 4 5 2 10 15 
 24  STO    0   7     25    1    8   0 0 0 0 4 5 2 15 
 25  LOD    0   6     26    1    9   0 0 0 0 4 5 2 15 2 
 26  LIT        1     27    1   10   0 0 0 0 4 5 2 15 2 1 
 27  SUB              28    1    9   0 0 0 0 4 5 2 15 1 
 28  STO    0   6     29    1    8   0 0 0 0 4 5 1 15 
 29  JMP       17     17    1    8   0 0 0 0 4 5 1 15 
 17  LOD    0   6     18    1    9   0 0 0 0 4 5 1 15 1 
 18  LIT        0     19    1   10   0 0 0 0 4 5 1 15 1 0 
 19  GTR              20    1    9   0 0 0 0 4 5 1 15 1 
 20  JPC       30     21    1    8   0 0 0 0 4 5 1 15 
 21  LOD    0   7     22    1    9   0 0 0 0 4 5 1 15 15 
 22  LOD    0   5     23    1   10   0 0 0 0 4 5 1 15 15 5 
 23  ADD              24    1    9   0 0 0 0 4 5 1 15 20 
 24  STO    0   7     25    1    8   0 0 0 0 4 5 1 20 
 25  LOD    0   6     26    1    9   0 0 0 0 4 5 1 20 1 
 26  LIT        1     27    1   10   0 0 0 0 4 5 1 20 1 1 
 27  SUB              28    1    9   0 0 0 0 4 5 1 20 0 
 28  STO    0   6     29    1    8   0 0 0 0 4 5 0 20 
 29  JMP       17     17    1    8   0 0 0 0 4 5 0 20 
 17  LOD    0   6     18    1    9   0 0 0 0 4 5 0 20 0 
 18  LIT        0     19    1   10   0 0 0 0 4 5 0 20 0 0 
 19  GTR              20    1    9   0 0 0 0 4 5 0 20 0 
 20  JPC       30     30    1    8   0 0 0 0 4 5 0 20 
 30  LOD    0   7     31    1    9   0 0 0 0 4 5 0 20 20 
 31  OUT            20
  32    1    8   0 0 0 0 4 5 0 20 
 32  HLT              33    1    8   0 0 0 0 4 5 0 20 
