PL/0 code:

  0  INC        5   
  1  LIT        0   
  2  STO    0   4   
  3  LOD    0   4   
  4  LIT       10   
  5  LSS            
  6  JPC       14   
  7  LOD    0   4   
  8  OUT            
  9  LOD    0   4   
 10  LIT        1   
 11  ADD            
 12  STO    0   4   
 13  JMP        3   
 14  LOD    0   4   
 15  OUT            
 16  HLT            

Execution:
                      pc   bp   sp   stack
                       0    1    0   
  0  INC        5      1    1    5   0 0 0 0 0 
  1  LIT        0      2    1    6   0 0 0 0 0 0 
  2  STO    0   4      3    1    5   0 0 0 0 0 
  3  LOD    0   4      4    1    6   0 0 0 0 0 0 
  4  LIT       10      5    1    7   0 0 0 0 0 0 10 
  5  LSS               6    1    6   0 0 0 0 0 1 
  6  JPC       14      7    1    5   0 0 0 0 0 
  7  LOD    0   4      8    1    6   0 0 0 0 0 0 
  8  OUT             0
   9    1    5   0 0 0 0 0 
  9  LOD    0   4     10    1    6   0 0 0 0 0 0 
 10  LIT        1     11    1    7   0 0 0 0 0 0 1 
 11  ADD              12    1    6   0 0 0 0 0 1 
 12  STO    0   4     13    1    5   0 0 0 0 1 
 13  JMP        3      3    1    5   0 0 0 0 1 
  3  LOD    0   4      4    1    6   0 0 0 0 1 1 
  4  LIT       10      5    1    7   0 0 0 0 1 1 10 
  5  LSS               6    1    6   0 0 0 0 1 1 
  6  JPC       14      7    1    5   0 0 0 0 1 
  7  LOD    0   4      8    1    6   0 0 0 0 1 1 
  8  OUT             1
   9    1    5   0 0 0 0 1 
  9  LOD    0   4     10    1    6   0 0 0 0 1 1 
 10  LIT        1     11    1    7   0 0 0 0 1 1 1 
 11  ADD              12    1    6   0 0 0 0 1 2 
 12  STO    0   4     13    1    5   0 0 0 0 2 
 13  JMP        3      3    1    5   0 0 0 0 2 
  3  LOD    0   4      4    1    6   0 0 0 0 2 2 
  4  LIT       10      5    1    7   0 0 0 0 2 2 10 
  5  LSS               6    1    6   0 0 0 0 2 1 
  6  JPC       14      7    1    5   0 0 0 0 2 
  7  LOD    0   4      8    1    6   0 0 0 0 2 2 
  8  OUT             2
   9    1    5   0 0 0 0 2 
  9  LOD    0   4     10    1    6   0 0 0 0 2 2 
 10  LIT        1     11    1    7   0 0 0 0 2 2 1 
 11  ADD              12    1    6   0 0 0 0 2 3 
 12  STO    0   4     13    1    5   0 0 0 0 3 
 13  JMP        3      3    1    5   0 0 0 0 3 
  3  LOD    0   4      4    1    6   0 0 0 0 3 3 
  4  LIT       10      5    1    7   0 0 0 0 3 3 10 
  5  LSS               6    1    6   0 0 0 0 3 1 
  6  JPC       14      7    1    5   0 0 0 0 3 
  7  LOD    0   4      8    1    6   0 0 0 0 3 3 
  8  OUT             3
   9    1    5   0 0 0 0 3 
  9  LOD    0   4     10    1    6   0 0 0 0 3 3 
 10  LIT        1     11    1    7   0 0 0 0 3 3 1 
 11  ADD              12    1    6   0 0 0 0 3 4 
 12  STO    0   4     13    1    5   0 0 0 0 4 
 13  JMP        3      3    1    5   0 0 0 0 4 
  3  LOD    0   4      4    1    6   0 0 0 0 4 4 
  4  LIT       10      5    1    7   0 0 0 0 4 4 10 
  5  LSS               6    1    6   0 0 0 0 4 1 
  6  JPC       14      7    1    5   0 0 0 0 4 
  7  LOD    0   4      8    1    6   0 0 0 0 4 4 
  8  OUT             4
   9    1    5   0 0 0 0 4 
  9  LOD    0   4     10    1    6   0 0 0 0 4 4 
 10  LIT        1     11    1    7   0 0 0 0 4 4 1 
 11  ADD              12    1    6   0 0 0 0 4 5 
 12  STO    0   4     13    1    5   0 0 0 0 5 
 13  JMP        3      3    1    5   0 0 0 0 5 
  3  LOD    0   4      4    1    6   0 0 0 0 5 5 
  4  LIT       10      5    1    7   0 0 0 0 5 5 10 
  5  LSS               6    1    6   0 0 0 0 5 1 
  6  JPC       14      7    1    5   0 0 0 0 5 
  7  LOD    0   4      8    1    6   0 0 0 0 5 5 
  8  OUT             5
   9    1    5   0 0 0 0 5 
  9  LOD    0   4     10    1    6   0 0 0 0 5 5 
 10  LIT        1     11    1    7   0 0 0 0 5 5 1 
 11  ADD              12    1    6   0 0 0 0 5 6 
 12  STO    0   4     13    1    5   0 0 0 0 6 
 13  JMP        3      3    1    5   0 0 0 0 6 
  3  LOD    0   4      4    1    6   0 0 0 0 6 6 
  4  LIT       10      5    1    7   0 0 0 0 6 6 10 
  5  LSS               6    1    6   0 0 0 0 6 1 
  6  JPC       14      7    1    5   0 0 0 0 6 
  7  LOD    0   4      8    1    6   0 0 0 0 6 6 
  8  OUT             6
   9    1    5   0 0 0 0 6 
  9  LOD    0   4     10    1    6   0 0 0 0 6 6 
 10  LIT        1     11    1    7   0 0 0 0 6 6 1 
 11  ADD              12    1    6   0 0 0 0 6 7 
 12  STO    0   4     13    1    5   0 0 0 0 7 
 13  JMP        3      3    1    5   0 0 0 0 7 
  3  LOD    0   4      4    1    6   0 0 0 0 7 7 
  4  LIT       10      5    1    7   0 0 0 0 7 7 10 
  5  LSS               6    1    6   0 0 0 0 7 1 
  6  JPC       14      7    1    5   0 0 0 0 7 
  7  LOD    0   4      8    1    6   0 0 0 0 7 7 
  8  OUT             7
   9    1    5   0 0 0 0 7 
  9  LOD    0   4     10    1    6   0 0 0 0 7 7 
 10  LIT        1     11    1    7   0 0 0 0 7 7 1 
 11  ADD              12    1    6   0 0 0 0 7 8 
 12  STO    0   4     13    1    5   0 0 0 0 8 
 13  JMP        3      3    1    5   0 0 0 0 8 
  3  LOD    0   4      4    1    6   0 0 0 0 8 8 
  4  LIT       10      5    1    7   0 0 0 0 8 8 10 
  5  LSS               6    1    6   0 0 0 0 8 1 
  6  JPC       14      7    1    5   0 0 0 0 8 
  7  LOD    0   4      8    1    6   0 0 0 0 8 8 
  8  OUT             8
   9    1    5   0 0 0 0 8 
  9  LOD    0   4     10    1    6   0 0 0 0 8 8 
 10  LIT        1     11    1    7   0 0 0 0 8 8 1 
 11  ADD              12    1    6   0 0 0 0 8 9 
 12  STO    0   4     13    1    5   0 0 0 0 9 
 13  JMP        3      3    1    5   0 0 0 0 9 
  3  LOD    0   4      4    1    6   0 0 0 0 9 9 
  4  LIT       10      5    1    7   0 0 0 0 9 9 10 
  5  LSS               6    1    6   0 0 0 0 9 1 
  6  JPC       14      7    1    5   0 0 0 0 9 
  7  LOD    0   4      8    1    6   0 0 0 0 9 9 
  8  OUT             9
   9    1    5   0 0 0 0 9 
  9  LOD    0   4     10    1    6   0 0 0 0 9 9 
 10  LIT        1     11    1    7   0 0 0 0 9 9 1 
 11  ADD              12    1    6   0 0 0 0 9 10 
 12  STO    0   4     13    1    5   0 0 0 0 10 
 13  JMP        3      3    1    5   0 0 0 0 10 
  3  LOD    0   4      4    1    6   0 0 0 0 10 10 
  4  LIT       10      5    1    7   0 0 0 0 10 10 10 
  5  LSS               6    1    6   0 0 0 0 10 0 
  6  JPC       14     14    1    5   0 0 0 0 10 
 14  LOD    0   4     15    1    6   0 0 0 0 10 10 
 15  OUT            10
  16    1    5   0 0 0 0 10 
 16  HLT              17    1    5   0 0 0 0 10 
